10000 1 0.0023823
10000 2 0.0021834
10000 3 0.0034671
10000 4 0.001488
10000 5 0.0011741
10000 6 0.0011392
10000 7 0.0011815
10000 8 0.0006047
10000 1 0.0016967
10000 2 0.0015739
10000 3 0.0014072
10000 4 0.0016176
10000 5 0.0010613
10000 6 0.000985
10000 7 0.0011393
10000 8 0.0003922
50000 1 0.0154342
50000 2 0.0097177
50000 3 0.0090318
50000 4 0.0092025
50000 5 0.0066962
50000 6 0.0055439
50000 7 0.0050453
50000 8 0.0043832
50000 1 0.0122528
50000 2 0.009433
50000 3 0.0087356
50000 4 0.0084208
50000 5 0.005641
50000 6 0.00522
50000 7 0.0047837
50000 8 0.0023254
100000 1 0.0192858
100000 2 0.0190256
100000 3 0.0178219
100000 4 0.0175466
100000 5 0.0124254
100000 6 0.0109858
100000 7 0.0098802
100000 8 0.0066729
100000 1 0.0231693
100000 2 0.0199948
100000 3 0.0179626
100000 4 0.0188894
100000 5 0.0122269
100000 6 0.01136
100000 7 0.0108333
100000 8 0.0051113
