10000 1 0.0018367
10000 2 0.0024775
10000 3 0.0020534
10000 4 0.0010868
10000 5 0.0007676
10000 6 0.0006807
10000 7 0.0006351
10000 8 0.0003988
10000 1 0.0012147
10000 2 0.0011733
10000 3 0.0010859
10000 4 0.0010543
10000 5 0.0014461
10000 6 0.0006811
10000 7 0.00061
10000 8 0.0003922
50000 1 0.0075417
50000 2 0.0142548
50000 3 0.0063298
50000 4 0.0075771
50000 5 0.0100196
50000 6 0.0046162
50000 7 0.0037107
50000 8 0.0022618
50000 1 0.0124406
50000 2 0.0073637
50000 3 0.006192
50000 4 0.0059589
50000 5 0.0044628
50000 6 0.0040181
50000 7 0.0036812
50000 8 0.002196
100000 1 0.0134539
100000 2 0.0135154
100000 3 0.0124957
100000 4 0.0131016
100000 5 0.0097923
100000 6 0.0071156
100000 7 0.0069297
100000 8 0.0044751
100000 1 0.0143496
100000 2 0.013904
100000 3 0.0133099
100000 4 0.013107
100000 5 0.0081325
100000 6 0.0071651
100000 7 0.0066728
100000 8 0.0049622
500000 1 0.0705395
