10000 1 0.0122425
10000 2 0.0112324
10000 3 0.0196352
10000 4 0.0175856
10000 5 0.0226301
10000 6 0.0093386
10000 7 0.0114816
10000 8 0.0129161
10000 1 0.0117744
10000 2 0.0144862
10000 3 0.009369
10000 4 0.0082835
10000 5 0.0086495
10000 6 0.0107951
10000 7 0.0096739
10000 8 0.0081985
50000 1 0.0803261
50000 2 0.048857
50000 3 0.0469026
50000 4 0.0455635
50000 5 0.0439894
50000 6 0.0500713
50000 7 0.0519919
50000 8 0.0474359
50000 1 0.0580992
50000 2 0.045264
50000 3 0.0436817
50000 4 0.0447327
50000 5 0.0425231
50000 6 0.040371
50000 7 0.0409793
50000 8 0.0401678
100000 1 0.0859331
100000 2 0.0868463
100000 3 0.0819827
100000 4 0.0858363
100000 5 0.0771565
100000 6 0.0812627
100000 7 0.0743064
100000 8 0.081465
100000 1 0.0881103
100000 2 0.0937785
100000 3 0.087353
100000 4 0.0853862
100000 5 0.0848159
100000 6 0.0818962
100000 7 0.0838211
100000 8 0.0784016
