10000 1 0.001449
10000 2 0.0015619
10000 3 0.0015052
10000 4 0.001113
10000 5 0.0007327
10000 6 0.000583
10000 7 0.0005716
10000 8 0.0003901
10000 1 0.0012283
10000 2 0.0012894
10000 3 0.0009309
10000 4 0.0011536
10000 5 0.0010163
10000 6 0.0005932
10000 7 0.0005965
10000 8 0.0003528
50000 1 0.006793
50000 2 0.0059914
50000 3 0.0059827
50000 4 0.0056948
50000 5 0.0040005
50000 6 0.0034019
50000 7 0.0030917
50000 8 0.0021596
50000 1 0.0064229
50000 2 0.0056891
50000 3 0.0062055
50000 4 0.0056549
50000 5 0.0047168
50000 6 0.0031782
50000 7 0.0032783
50000 8 0.0023541
100000 1 0.0144254
100000 2 0.0134686
100000 3 0.0129809
100000 4 0.01296
100000 5 0.0080997
100000 6 0.0068673
100000 7 0.0068463
100000 8 0.0048677
100000 1 0.0135881
100000 2 0.0127541
100000 3 0.0123565
100000 4 0.0125321
100000 5 0.0075179
100000 6 0.0064295
100000 7 0.0067122
100000 8 0.0052217
500000 1 0.0677588
500000 2 0.0620725
500000 3 0.0619069
500000 4 0.06944
500000 5 0.0381419
500000 6 0.0339869
500000 7 0.0316759
500000 8 0.0238979
500000 1 0.0681
500000 2 0.0635881
500000 3 0.0556693
500000 4 0.0560858
500000 5 0.0362847
500000 6 0.034162
500000 7 0.0335019
500000 8 0.0237345
1000000 1 0.137265
1000000 2 0.119846
1000000 3 0.109573
1000000 4 0.104871
1000000 5 0.0781132
1000000 6 0.0717813
1000000 7 0.0664787
1000000 8 0.0488065
1000000 1 0.132113
1000000 2 0.11778
1000000 3 0.114989
1000000 4 0.115598
1000000 5 0.0780906
1000000 6 0.0708615
1000000 7 0.0697592
1000000 8 0.0492032
