10000 1 0.011392
10000 2 0.0099869
10000 3 0.0081432
10000 4 0.0086425
10000 5 0.0084587
10000 6 0.0074379
10000 7 0.0079413
10000 8 0.0074646
10000 1 0.0078572
10000 2 0.0079438
10000 3 0.007582
10000 4 0.0082938
10000 5 0.0079585
10000 6 0.0073719
10000 7 0.0077619
10000 8 0.0076015
50000 1 0.042839
50000 2 0.0417501
50000 3 0.0383963
50000 4 0.0368238
50000 5 0.0371909
50000 6 0.0368348
50000 7 0.0366683
50000 8 0.0366449
50000 1 0.0408829
50000 2 0.0391499
50000 3 0.0389608
50000 4 0.0394396
50000 5 0.0375069
50000 6 0.0371368
50000 7 0.0376624
50000 8 0.0387043
100000 1 0.0919426
100000 2 0.0824431
100000 3 0.0810124
100000 4 0.0860103
100000 5 0.0790051
100000 6 0.075714
100000 7 0.073081
100000 8 0.0751126
100000 1 0.0820484
100000 2 0.0803084
100000 3 0.0813891
100000 4 0.0775701
100000 5 0.0740382
100000 6 0.0744074
100000 7 0.0744212
100000 8 0.0756299
500000 1 0.427832
500000 2 0.408652
500000 3 0.436899
500000 4 0.423749
500000 5 0.406475
500000 6 0.387868
500000 7 0.403666
500000 8 0.384724
500000 1 0.454959
500000 2 0.419409
500000 3 0.400494
500000 4 0.39181
500000 5 0.380068
500000 6 0.379375
500000 7 0.378312
500000 8 0.369612
1000000 1 0.852093
1000000 2 0.818244
1000000 3 0.799353
1000000 4 0.804759
1000000 5 0.775753
1000000 6 0.774269
1000000 7 0.755576
1000000 8 0.77296
1000000 1 0.838793
1000000 2 0.827415
1000000 3 0.801283
1000000 4 0.847107
1000000 5 0.783911
1000000 6 0.774907
1000000 7 0.785628
1000000 8 0.772212
