10000 1 0.0020196
10000 2 0.0020291
10000 3 0.0016702
10000 4 0.0013469
10000 5 0.0010388
10000 6 0.0009612
10000 7 0.0008222
10000 8 0.0006444
10000 1 0.0014622
10000 2 0.0013661
10000 3 0.0015827
10000 4 0.0013621
10000 5 0.0010207
10000 6 0.0009252
10000 7 0.0008201
10000 8 0.0003438
50000 1 0.0091918
50000 2 0.0083184
50000 3 0.0075208
50000 4 0.0082773
50000 5 0.0053452
50000 6 0.0049379
50000 7 0.0050044
50000 8 0.0022707
50000 1 0.0082926
50000 2 0.0082153
50000 3 0.0077387
50000 4 0.0078239
50000 5 0.0054757
50000 6 0.0054937
50000 7 0.0049263
50000 8 0.002391
100000 1 0.0192135
100000 2 0.0198658
100000 3 0.0167098
100000 4 0.0180541
100000 5 0.012235
100000 6 0.0101722
100000 7 0.0095656
100000 8 0.0049238
100000 1 0.0188754
100000 2 0.0190401
100000 3 0.016962
100000 4 0.0157727
100000 5 0.0105535
100000 6 0.010302
100000 7 0.0098843
100000 8 0.0052299
500000 1 0.101162
500000 2 0.097819
500000 3 0.0886211
500000 4 0.0877853
500000 5 0.0563823
500000 6 0.054834
500000 7 0.0530157
500000 8 0.0253153
500000 1 0.111467
500000 2 0.101284
500000 3 0.0869904
500000 4 0.085444
500000 5 0.0552923
500000 6 0.0528407
500000 7 0.0556364
500000 8 0.0251984
1000000 1 0.212185
1000000 2 0.208527
1000000 3 0.182455
1000000 4 0.178171
1000000 5 0.126125
1000000 6 0.110388
1000000 7 0.110705
1000000 8 0.0535467
1000000 1 0.210216
1000000 2 0.206182
1000000 3 0.17541
1000000 4 0.185892
1000000 5 0.118482
1000000 6 0.112615
1000000 7 0.113278
1000000 8 0.0538753
